94280010
94318010
54186010
65759010
69703010
69725010
77663010
101631010
54090010
54895010
55311010
102435010
54283010
54366010
54693010
102376010
54411010
55493010
102465010
54580010
55419010
55565010
54823010
54980010
54493010
55355010
55997010
56132010
76330010
56227010
55854010
114021010
103981010
117472010
123116010
123154010
123192010
53989010
65608010
62410010
64218010
67818010
72768010
69503010
72831010
74184010
76631010
54606010
116528010
54936010
79617010
56088010
98536010
109387010
114978010
123060010
126313010
71523010
5063010
66304010
67854010
67946010
62539010
64005010
62335010
65116010
65436010
65500010
62576010
65050010
66503010
67577010
62357010
64101010
70680010
72498010
70324010
74032010
69227010
69814010
71960010
74625010
69342010
70361010
75024010
79534010
74965010
77796010
75363010
76412010
77871010
76375010
78057010
98298010
120286010
114956010
120360010
104065010
110665010
120382010
123260010
123029010
5084010
16602010
4800010
4821010
66989010
67439010
65812010
68244010
65275010
65861010
67105010
68168010
65341010
67180010
67204010
67324010
62379010
66029010
62853010
67156010
67407010
68395010
68432010
63216010
69983010
71376010
71413010
71450010
72032010
73200010
74055010
71638010
71807010
73617010
70413010
70813010
73895010
74316010
68771010
70957010
71983010
72527010
74125010
69620010
70593010
70639010
71783010
73523010
74147010
69596010
70511010
71671010
73547010
73701010
73499010
75874010
79259010
83541010
74987010
78079010
75631010
77724010
77818010
83517010
74784010
75539010
76032010
77401010
76107010
88713010
79593010
63902010
65641010
65711010
78628010
88784010
76057010
76203010
78604010
63364010
63878010
76082010
76132010
65617010
76519010
103958010
104042010
109784010
114934010
109403010
109513010
116468010
4779010
64344010
66921010
69909010
72951010
70450010
76287010
98064010
104004010
116853010
72674010